0,0
3,-0.18
4,-0.62
5,-0.77
6,-0.13
7,-1.14
11,-0.74
12,-0.9
13,-1.45
14,-1.5
17,-1.47
18,-1.93
19,-1.79
20,-1.58
21,-1.7
24,-1.57
25,-1.06
26,-0.55
27,-0.37
28,-0.08
31,-0.22
32,0.07
33,0.47
34,0.91
35,1.38
38,0.73
39,1.41
40,2.06
41,2.14
42,2.03
45,1.85
46,1.6
47,1.41
48,1.93
52,1.95
53,1.41
54,0.75
55,0.05
56,0.1
59,0.75
60,1
61,0.67
62,0.7
63,1.04
66,1.13
67,0.89
68,1.1
69,1.47
70,1.03
73,0.92
74,0.26
75,1.19
76,1.48
77,1.31
80,1.63
81,1.73
82,1.84
83,1.65
84,1.95
87,1.98
88,2.08
89,1.94
90,2.46
91,2.54
94,2.67
95,2.75
96,3.3
97,3.89
98,4.31
101,3.98
102,3.48
103,2.99
104,2.41
105,3.04
109,3.37
110,2.99
111,2.85
112,2.59
115,2.47
116,2.71
117,2.08
118,1.85
119,1.82
122,2.02
123,1.87
124,1.9
125,1.78
126,1.89
129,1.95
130,1.87
131,2.09
132,1.66
133,1.73
136,0.99
137,1.15
138,1.43
139,1.22
140,1.17
143,1.43
144,1.71
145,0.99
147,1.86
150,1.87
151,1.94
152,2.25
153,2.33
154,2.29
157,2.59
158,2.79
159,2.89
160,3.63
161,3.19
164,3.18
165,3.26
166,3.36
167,3.42
168,3.67
171,4
172,4.26
173,4.18
174,4.37
175,4.31
178,3.83
179,4.1
180,3.77
181,3.92
182,3.84
185,3.42
186,3.79
187,0.98
188,0.9
189,0.63
192,0.9
193,0.57
194,0.73
195,0.84
196,1.23
199,1.09
200,0.8
201,0.31
202,0.96
203,1.03
207,1.31
208,1.42
209,1.88
210,2.11
213,1.79
214,2.62
215,2.96
216,2.62
217,2.64
220,3.09
221,3.5
222,3.61
223,3.6
224,3.87
227,3.82
228,3.72
229,4.06
230,4.1
231,4.02
234,3.27
235,3.91
236,4.93
237,4.93
238,5.24
241,5.34
242,5.25
243,5.01
244,5.28
245,5.43
248,5.45
249,5.57
250,5.5
251,5.65
252,6.16
255,6.16
256,6.46
257,6.75
258,7.01
259,7.69
262,7.17
263,7.69
264,7.31
265,7.53
266,6.97
269,7.53
270,7.68
271,8.19
272,7.46
273,7.09
276,8.18
277,8.19
278,9.15
279,8.72
280,8.66
283,9.15
284,9.48
285,9.22
286,9
287,9.13
290,9.38
291,9.1
292,8.85
294,9.05
297,8.48
298,7.92
299,7.31
300,7.2
301,7.65
304,8.88
305,9.47
306,10.37
307,11.13
308,10.54
311,11.56
312,11.4
313,10.92
314,11.02
315,11.09
318,11.22
319,10.93
321,11.05
322,10.88
325,9.8
326,9.67
328,10
329,10.68
332,11.55
333,12.13
334,11.3
335,13.17
336,13.98
339,14.11
340,13.68
341,13.83
342,13.87
343,14.23
347,15.59
348,15.64
349,15.58
350,15.95
353,15.33
354,15.25
355,17.17
356,18.29
357,18.37
360,18.88
361,18.97
362,18.75
363,18.64
364,19.74
367,21.03
368,20.51
369,19.82
370,19
371,19.78
375,19.66
376,19.18
377,19.36
378,20.71
381,21.13
382,21.56
383,22.05
384,21.81
385,21.04
388,21.1
389,21.5
390,22.53
391,23.21
392,24.1
395,23.63
396,23.58
397,22.9
398,22.83
399,20.93
402,21.55
403,22.68
404,22.2
405,21.54
406,21.69
409,21.18
410,21.81
411,23.08
412,21.55
413,20.7
416,20.77
417,21.88
418,23.17
419,22.65
420,22.34
423,21.71
424,20.93
425,21.01
426,21.63
427,19.03
430,18.93
431,18.45
432,19.1
433,20.43
437,20.01
438,20.69
439,22.07
440,22.77
441,21.93
444,21.34
445,20.13
446,20.61
447,20.79
448,21.2
451,21.01
452,22.07
453,21.46
454,22.18
455,22.89
458,23.28
459,23.88
460,24.01
461,23.48
462,22.94
465,23.42
466,23.47
467,23.21
468,23.23
469,23.46
473,24.31
474,24.33
475,24.82
476,24.76
479,24.93
480,26.06
481,26.29
482,27.93
483,27.38
486,28.93
487,28.43
488,27.83
489,26.2
490,25.18
493,24.61
494,26.01
495,26.86
496,27.75
497,27.97
500,29.23
501,29.07
502,27.83
503,28.89
504,29.23
507,28.97
508,28.37
509,27.82
510,27.54
514,26.65
515,24.07
516,27.01
517,25.93
518,27.84
521,28.19
522,28.26
523,28.93
524,27.97
525,27.16
528,27.84
529,27.63
530,27.65
531,27.43
532,27.18
535,26.8
536,25.58
537,24.83
538,23.83
539,23.68
542,24.42
543,22.82
544,21.49
545,22.63
546,21.49
549,22.72
550,23.07
551,22.57
552,23.43
553,24.91
556,24.53
557,25.89
558,25.33
559,25.68
560,24.53
563,25.16
564,24.48
565,24.29
566,23.64
567,24.03
571,23.93
572,24.66
573,24.3
574,23.44
577,22.89
578,22.56
579,22.86
580,23.66
581,23.02
584,22.53
585,21.93
586,22.85
587,22.63
588,22.99
591,21.93
592,19.97
593,20.4
594,20.81
595,20.18
598,20.28
599,19.98
600,19.65
601,19.4
602,19.59
605,21.24
606,19.68
607,19.46
608,18.43
609,16.48
612,16
613,14.22
614,15.15
615,15.56
616,18.81
619,19.12
620,21.07
621,22.98
622,22.36
623,23.53
626,24.53
627,25.04
628,25
629,24.84
630,26.03
633,26.37
634,27.76
635,28.25
636,27.52
637,28.07
640,27.43
641,28.93
642,28.18
643,28.47
644,28.93
647,28.9
648,28.685
649,29.76
650,28.58
651,29.31
654,28.65
655,28.11
656,29.24
658,31.93
661,33.93
662,33.05
663,32.67
664,34.53
665,35.02
668,35.37
669,34.03
670,34.73
671,34.73
672,36.605
675,35.14
676,35.94
677,33.19
678,33.49
679,34.6
682,36.03
683,35.88
684,35.59
686,36.39
689,36.58
690,37.93
691,38.83
693,39.21
696,39.3
697,39.2
698,38.31
699,38.41
700,38.6
703,35.99
704,35.05
705,34.34
706,34.065
707,34.31
711,35.93
712,37.58
713,39.45
714,40.33
717,40.82
718,38.92
719,37.72
720,35.975
721,36.95
724,33.51
725,32.23
726,33.55
727,34.39
728,33.77
731,31.34
732,32.33
733,33.72
734,31.68
735,32.46
739,33.7
740,33.53
741,35.71
742,34.74
745,36.68
746,35.22
747,36.23
748,35.31
749,33.93
752,33.13
753,32.83
754,33.78
755,34.12
756,33.26
759,32.98
760,32.43
761,31.83
762,32.5
763,33.68
766,34.7
767,37.56
768,38.62
769,39.5
770,40.12
773,40.4
774,38.97
775,38.55
776,35.77
777,36.31
780,38.17
781,38.59
782,36.03
783,35.41
787,33.28
788,33.23
789,32.73
790,33.79
791,33.09
794,32.4
795,32.42
796,32.93
797,32.74
798,32.89
801,33.54
802,34.93
803,36.33
804,36
805,36.91
808,37.61
809,36.63
810,35.51
811,33.43
812,33.58
815,34.34
816,33.14
817,31.71
818,32.33
819,34.16
822,33.93
823,34.04
824,34.2
825,33.87
826,34.34
829,33.49
830,34.38
831,32.49
832,28.12
833,27.63
837,27.98
838,26.58
839,27.18
840,26.61
843,27.54
844,28.23
845,28.28
846,27.98
847,27.06
850,26
851,23.73
852,25.14
853,25.72
854,24.77
857,25.28
858,25.06
859,24.2
860,24.73
861,25.23
864,27.85
865,27.91
866,27.63
867,27.58
868,27.37
871,25.7
872,25.13
873,25.58
874,23.95
878,24.02
879,24.86
880,25.23
881,24.77
882,25.44
885,26.89
886,26.97
887,26.32
888,26.74
889,26.38
892,26.48
893,25.43
894,25.89
895,27.71
896,27.93
899,24.56
900,25.11
901,26.02
902,25.51
903,25.46
906,25.17
907,27.08
908,27.78
909,28.18
910,27.14
913,26.68
914,26.67
915,27.3
916,27.69
917,27.28
920,27.89
921,28.99
922,28.46
923,27.77
924,26.33
927,20.93
928,24.32
929,23.7
930,24.1
931,23.86
934,23.56
935,23.56
936,24.93
937,26.77
938,25.33
942,26.21
943,26.08
944,26.32
945,26.15
948,27.1
949,27.29
950,27.33
951,28.04
952,28.36
955,28.65
956,27.7
957,26.25
958,26.08
959,25.86
962,24.8
963,23.98
964,24.11
965,23.43
966,23.68
969,23.83
970,24.88
971,23.34
972,24.14
973,25.2
976,27.52
977,27.63
978,28.93
979,29.03
980,28.88
983,28.76
984,29.47
985,29.42
986,29.82
987,31.3
990,30.29
991,31.34
992,31.13
993,30.56
994,30.7
997,31.13
998,31.95
999,31.35
1000,30.63
1001,30.44
1004,30.1
1005,29.59
1006,29.69
1007,29.22
1008,28.6
1011,27.34
1012,27.93
1013,27.25
1014,26.87
1015,27.33
1018,27.04
1019,25.95
1020,26.28
1022,26.31
1025,26.68
1026,26.4
1027,29.02
1028,28.58
1029,28.75
1032,30.28
1033,30.03
1034,29.23
1035,28.72
1036,28.21
1039,27.19
1040,26.9
1041,27.92
1042,28.26
1043,26.54
1046,26.28
1047,27.49
1048,27.71
1049,28.2
1053,28.55
1054,28.18
1055,28.57
1056,27.47
1060,26.22
1061,26.11
1062,24.98
1063,25.9
1064,25.87
1067,25.49
1068,26.08
1069,27.1
1070,25.14
1071,23.97
1075,24.52
1076,23.46
1077,23.86
1078,24.93
1081,24.95
1082,23.66
1083,25.08
1084,24.54
1085,22.45
1088,23.93
1089,23.76
1090,22.31
1091,22.27
1092,22.64
1095,21.01
1096,19.86
1097,21.5
1098,21.4
1099,21.85
1103,23.06
1104,23.88
1105,24.29
1106,24.09
1109,25.07
1110,25.49
1111,24.95
1112,25.69
1113,26.43
1116,25.7
1117,26.37
1118,26.4
1119,26.45
1120,27.1
1123,26.24
1124,26.23
1125,25.67
1126,27.04
1127,26.82
1130,27.24
1131,27.23
1132,26.74
1133,27.24
1134,27.24
1137,28.25
1138,26.93
1139,27.73
1140,26.81
1144,25.93
1145,25.83
1146,26.68
1147,26.43
1148,25.06
1151,24.74
1152,24.06
1153,24
1154,23.59
1155,23.63
1158,23.72
1159,23.75
1160,24.23
1161,25.27
1162,26.23
1165,26.11
1166,25.92
1167,26.29
1168,25.73
1169,22.61
1172,23.09
1173,22.2
1174,21.72
1175,21.97
1176,20.74
1179,19.92
1180,19.69
1181,19.1
1182,18.21
1183,17.6
1186,17.96
1187,18.17
1188,18.61
1189,17.94
1190,16.02
1193,16.74
1194,17.18
1195,17.54
1196,17.21
1197,17.23
1200,16.96
1201,16.82
1202,17.32
1203,17.06
1204,16.53
1208,16.68
1209,16.87
1210,16.6
1211,16.52
1214,15.7
1215,16.39
1216,17.56
1217,17.18
1218,17.73
1221,17.92
1222,16.74
1223,15.58
1224,14.73
1225,14.03
1228,14.68
1229,15.22
1230,14.98
1231,15.18
1232,13.13
1235,11.78
1236,11.05
1237,11.87
1238,12.79
1239,13.19
1243,14.02
1244,12.69
1245,13.32
1246,14.73
1249,15.16
1250,17.71
1251,19.93
1252,20.04
1253,20.44
1256,20.96
1257,20.71
1258,21
1259,20.03
1260,21.38
1263,21.28
1264,20.84
1265,21.43
1266,21
1267,21.19
1270,20.47
1271,20.32
1272,18.4
1273,18.5
1274,18.64
1277,19.15
1278,20.14
1279,19.52
1280,19.18
1281,19.67
1284,19.89
1285,20.6
1286,21.61
1287,21.36
1288,21.37
1291,21.26
1292,21.25
1293,21.2
1294,21.27
1295,21.61
1298,21.06
1299,20.38
1300,21.9
1301,21.46
1302,20.93
1306,21.38
1307,22.43
1308,23.61
1309,23.93
1312,22.15
1313,23.05
1314,21.93
1315,21.24
1316,21.19
1319,20.59
1320,20.68
1321,19.93
1322,19.89
1323,20.23
1326,20.12
1327,19.91
1328,21.03
1329,20.58
1330,20.91
1333,21.39
1334,23.32
1335,22.75
1336,22.76
1337,23.18
1340,22.88
1341,24.92
1342,23.05
1343,21.88
1344,24.38
1347,23.59
1348,23.77
1349,24.41
1350,25.86
1351,24.9
1354,25.18
1355,24.59
1356,23.5
1357,24.38
1358,24.78
1361,25.24
1362,25.44
1363,24.65
1364,24.71
1365,24.2
1368,25.32
1369,26.35
1370,25.69
1371,27.64
1372,27
1375,27.94
1376,29.93
1377,29.59
1378,29.32
1379,31.08
1382,31.39
1383,30.96
1384,30.98
1386,31.27
1389,31.57
1390,31.52
1391,31.07
1392,31.13
1393,31.02
1396,31.38
1397,31.09
1398,31.54
1399,33.53
1400,34.2
1403,34.09
1404,32.87
1405,32.77
1406,33.03
1407,33.54
1410,32.82
1411,33.43
1412,34.27
1413,34.28
1414,33.54
1418,33.22
1419,33.66
1420,32.73
1421,32.35
1425,32.21
1426,31.56
1427,31.45
1428,30.78
1431,30.94
1432,31.93
1433,34.22
1434,33.6
1435,33.09
1439,32.49
1440,32.3238
1441,32.57
1442,32.47
1445,32.83
1446,31.98
1447,32.83
1448,33.36
1449,34.93
1452,30.55
1453,29.72
1454,29.68
1455,28.54
1456,29.24
1459,29.73
1460,30.68
1461,30.19
1462,30
1463,31.55
1466,31.49
1467,32.19
1468,32.52
1469,32.43
1470,31.76
1474,31.94
1475,31.43
1476,31.35
1477,30.93
1480,31.11
1481,31.25
1482,31.72
1483,31.6
1484,30.78
1487,31.34
1488,29.95
1489,29.72
1490,29.43
1491,28.39
1494,28.66
1495,26.99
1496,25.43
1497,27.11
1498,26.93
1501,27.11
1502,26.81
1503,24.71
1504,25.63
1505,26.62
1508,26
1509,26.76
1510,27.62
1511,26.78
1512,27.3
1515,27.26
1516,27.02
1517,26.08
1518,26.33
1519,26.46
1522,26.74
1523,27.71
1524,29.72
1525,28.88
1529,28.4
1530,28.96
1531,29
1532,29.64
1533,30.43
1536,30.43
1537,31.73
1538,31.44
1539,28.84
1540,28.95
1543,27.69
1544,26.99
1545,28.6
1546,29.11
1547,28.93
1550,29.53
1551,30.33
1552,31.96
1553,32.14
1554,31.19
1557,30.63
1558,31.72
1559,31.18
1560,29.33
1561,29.73
1564,30.26
1565,31.2
1566,31.67
1567,31.92
1568,32.72
1572,33.25
1573,33.13
1574,33.43
1575,34.49
1578,34.46
1579,34.4
1580,34.37
1581,35.79
1582,36.54
1585,35.03
1586,34.49
1587,34.57
1588,34.07
1589,33.83
1592,34.06
1593,34.15
1594,33.26
1595,35.43
1596,33.93
1599,33.74
1600,33.53
1601,33.75
1602,34.21
1603,34.85
1606,35.71
1608,35.37
1609,35.9
1610,37.23
1613,37.91
1614,37.51
1615,38.05
1616,38.33
1617,38.73
1620,39.14
1621,38.76
1622,37.19
1623,37.65
1624,37.06
1627,36.72
1628,36.43
1629,35.56
1630,35.27
1631,33.95
1634,35.78
1635,36.06
1636,35.82
1637,35.49
1638,35.6
1641,35.75
1642,35.61
1643,34.67
1644,33.96
1645,33.43
1648,33.79
1649,33.69
1650,33.57
1651,33.18
1652,31.23
1655,30.66
1656,30.78
1657,30.1
1658,29.06
1659,28.02
1662,30.16
1663,29.46
1664,29.47
1665,29.47
1666,29.78
1670,29.72
1671,28.02
1672,29.12
1673,28.74
1676,28.94
1677,30.83
1678,31.28
1679,31.72
1680,30.23
1683,30.95
1684,30.21
1685,29.85
1686,30.4
1687,31.5
1690,31.91
1691,32.77
1692,32.51
1693,31.71
1694,32.42
1697,32.45
1698,32.59
1699,35.43
1700,35.78
1701,35.63
1704,36.16
1705,36.93
1706,38.03
1707,37.65
1708,37.6
1711,37.45
1712,37.65
1713,37.04
1714,36.5
1715,36.49
1718,36.85
1719,35.95
1720,36.71
1721,36.93
1722,33.34
1725,32.58
1726,32.15
1727,32.93
1728,32.72
1729,32.29
1732,32.39
1733,32.44
1734,31.35
1735,30.78
1736,30.57
1739,30.56
1740,30.23
1741,30.64
1742,32.19
1743,32.53
1746,32.26
1747,32.82
1748,33.51
1750,33.59
1753,33.54
1754,33.37
1755,34.31
1756,34.69
1757,34.6
1760,35.03
1761,34.78
1762,34.32
1763,34.46
1764,36.16
1767,35.71
1768,36.2
1769,35.51
1770,35.52
1771,35.6
1774,36.18
1775,36.53
1776,36.5
1777,37.09
1778,37.65
1782,37.28
1783,37.73
1784,37.38
1785,37.35
1789,37.26
1790,37.79
1791,37.41
1792,37.71
1795,37.53
1796,37.9
1797,38.16
1798,39.42
1799,41.49
1803,43.72
1804,43.24
1805,42.93
1806,43.52
1809,42.92
1810,42.67
1811,39.28
1812,38.93
1813,38.58
1816,37.72
1817,37.38
1818,38.01
1819,38.93
1820,38.42
1823,36.92
1824,34.25
1825,35.84

